5
65
382.71999999999997 170.39999999999998
382.08 171.60000000000002
381.44 172.8
381.44 174.0
380.79999999999995 175.79999999999995
380.79999999999995 177.0
380.15999999999997 178.8
380.15999999999997 180.0
380.15999999999997 183.0
379.52 185.39999999999998
378.88 188.39999999999998
378.88 192.0
378.24 196.8
376.96 201.60000000000002
376.32 205.79999999999995
375.67999999999995 211.8
374.4 217.2
373.76 222.60000000000002
372.47999999999996 228.59999999999997
369.91999999999996 234.00000000000003
368.64 239.4
367.35999999999996 243.6
367.35999999999996 249.0
365.43999999999994 254.4
363.52 260.4
362.23999999999995 265.8
360.96 270.0
360.31999999999994 275.4
359.04 281.4
358.40000000000003 286.79999999999995
357.12 292.20000000000005
357.12 297.0
356.48 301.2
356.48 305.4
355.20000000000005 309.0
355.20000000000005 312.6
355.20000000000005 315.6
355.84000000000003 318.0
356.48 321.6
357.76000000000005 324.6
359.68000000000006 327.6
360.31999999999994 329.4
362.23999999999995 331.2
364.15999999999997 332.4
366.71999999999997 334.8
369.91999999999996 336.6
372.47999999999996 337.79999999999995
375.03999999999996 339.0
377.59999999999997 339.6
381.44 340.2
385.91999999999996 342.0
390.4 342.6
395.52 343.8
400.64 344.4
406.4 344.4
411.52 345.6
416.0 345.6
421.12 346.2
426.24 346.79999999999995
430.72 346.79999999999995
433.92 348.6
437.76000000000005 349.2
440.96 349.2
444.15999999999997 349.8
446.71999999999997 350.4
316
234.24 186.0
229.12 186.60000000000002
225.92 187.8
220.79999999999998 189.60000000000002
213.76000000000002 192.60000000000002
204.16 196.8
193.28 201.60000000000002
181.11999999999998 207.60000000000002
167.68 214.20000000000005
151.04 222.0
137.6 228.0
124.16 235.2
109.44000000000001 241.2
96.0 247.79999999999998
87.04 253.8
79.36 257.4
72.32000000000001 261.6
65.92 264.6
60.16 267.6
55.67999999999999 270.0
51.2 271.79999999999995
48.0 274.2
44.800000000000004 275.4
42.88 277.79999999999995
40.32 279.6
38.4 282.0
37.120000000000005 284.4
34.56 286.79999999999995
33.92 288.6
32.64 291.0
32.0 292.20000000000005
30.72 294.0
29.439999999999998 295.2
28.799999999999997 296.4
27.519999999999996 297.0
26.880000000000003 298.8
26.240000000000002 300.0
24.32 301.2
24.32 301.79999999999995
23.04 303.6
22.400000000000002 305.4
21.76 306.0
21.76 308.4
21.76 309.6
21.12 310.8
21.12 311.4
21.76 312.0
21.76 312.6
22.400000000000002 313.20000000000005
23.68 313.20000000000005
24.32 313.8
26.240000000000002 313.8
26.880000000000003 313.8
28.799999999999997 314.4
30.08 314.4
31.36 315.0
33.28 315.6
36.480000000000004 316.2
39.04 318.0
42.24 318.6
48.0 319.2
51.84 319.8
55.67999999999999 320.4
60.16 321.0
64.0 322.20000000000005
67.84 322.20000000000005
71.68 322.20000000000005
75.52 322.20000000000005
79.36 322.20000000000005
83.84 321.6
87.68 321.6
92.16 321.0
94.72 320.4
98.56 319.8
103.04 318.6
106.24000000000001 317.4
110.07999999999998 316.79999999999995
113.28 315.6
115.84 313.8
118.4 313.20000000000005
119.03999999999999 313.20000000000005
120.96000000000001 312.6
121.6 312.0
122.24000000000001 310.8
122.88 310.8
123.52000000000001 310.2
123.52000000000001 309.6
123.52000000000001 309.0
124.16 309.0
124.16 308.4
124.16 306.6
124.80000000000001 306.0
125.44 305.4
126.08000000000001 304.2
126.08000000000001 303.6
126.72 302.4
126.72 301.79999999999995
126.72 301.2
126.72 300.6
126.72 300.0
126.72 299.4
126.72 298.8
126.08000000000001 300.6
125.44 301.79999999999995
124.80000000000001 303.6
122.88 306.6
122.24000000000001 310.8
121.6 315.6
119.68 321.6
119.03999999999999 327.0
118.4 333.6
117.12 340.8
115.84 346.79999999999995
115.19999999999999 354.0
115.19999999999999 360.0
113.91999999999999 366.0
113.91999999999999 371.4
113.91999999999999 376.2
113.91999999999999 379.8
113.91999999999999 384.6
113.91999999999999 387.0
113.91999999999999 389.4
113.91999999999999 391.8
113.91999999999999 393.0
114.56 394.8
116.47999999999999 395.4
116.47999999999999 396.6
117.12 397.2
118.4 398.4
119.68 399.6
121.6 401.4
124.16 402.0
128.0 404.4
131.84 405.0
136.96 408.0
142.08 409.2
147.20000000000002 410.4
152.95999999999998 411.6
157.44 412.2
162.56 414.0
168.32 414.6
174.08 415.2
179.20000000000002 415.8
183.04 415.8
185.6 415.8
189.44 415.8
191.35999999999999 415.8
194.56 415.8
196.48 415.8
200.32 415.2
202.24 415.2
204.16 414.6
206.72 414.0
208.64000000000001 413.4
211.20000000000002 413.4
212.48000000000002 412.8
213.76000000000002 412.2
216.32000000000002 411.6
217.60000000000002 411.6
218.88000000000002 411.0
218.88000000000002 410.4
220.15999999999997 409.8
221.44 409.2
222.07999999999998 408.6
222.71999999999997 408.0
224.0 406.8
224.64 406.8
225.92 405.6
226.56 405.6
226.56 404.4
227.83999999999997 403.2
229.12 402.6
229.12 402.0
230.39999999999998 402.0
231.04 400.2
231.68 399.6
232.32 399.0
233.6 398.4
234.88 397.2
236.16 394.8
237.44 392.4
239.36 390.0
241.92000000000002 386.4
242.56 382.8
245.12 380.4
246.4 375.6
248.32 371.4
249.60000000000002 368.4
251.52 365.4
252.16000000000003 362.4
252.8 361.2
253.44 358.8
254.08 357.6
254.08 356.4
254.72000000000003 355.2
254.72000000000003 354.6
254.72000000000003 353.4
254.72000000000003 351.6
254.72000000000003 351.0
254.72000000000003 350.4
254.72000000000003 349.2
254.72000000000003 348.0
254.08 346.79999999999995
253.44 345.6
252.8 343.8
252.16000000000003 342.6
251.52 341.4
250.88 339.6
250.24 337.79999999999995
249.60000000000002 336.6
249.60000000000002 334.2
248.96 332.4
248.32 330.6
247.68 328.20000000000005
247.04000000000002 326.4
245.76 323.4
245.12 322.20000000000005
244.48000000000002 320.4
243.84 316.79999999999995
243.2 315.6
241.92000000000002 311.4
240.0 308.4
239.36 306.0
238.07999999999998 303.0
236.8 300.0
236.8 297.6
234.88 295.8
233.6 291.6
232.95999999999998 289.2
232.32 287.4
232.32 285.0
231.68 282.0
231.68 279.6
231.68 277.20000000000005
231.68 274.8
231.68 273.0
231.68 270.6
231.68 268.20000000000005
231.68 265.2
231.68 264.6
231.68 262.79999999999995
232.32 259.8
232.95999999999998 258.6
232.95999999999998 255.6
233.6 255.0
234.24 253.20000000000002
234.88 250.8
235.51999999999998 249.60000000000002
236.16 247.79999999999998
236.8 246.0
236.8 245.39999999999998
237.44 243.6
238.72 240.6
239.36 238.8
240.0 237.0
240.64 236.40000000000003
241.28 234.60000000000002
241.28 232.79999999999998
241.92000000000002 231.60000000000002
241.92000000000002 230.99999999999997
242.56 229.8
242.56 228.0
243.2 226.8
243.2 225.6
243.2 224.4
243.84 223.2
243.84 222.0
244.48000000000002 221.40000000000003
244.48000000000002 219.60000000000002
244.48000000000002 218.39999999999998
244.48000000000002 217.2
244.48000000000002 214.8
243.84 213.59999999999997
243.84 212.39999999999998
243.2 211.8
243.2 210.59999999999997
243.2 210.0
242.56 208.8
242.56 208.2
241.92000000000002 207.60000000000002
241.92000000000002 206.40000000000003
241.92000000000002 205.79999999999995
241.92000000000002 205.2
241.92000000000002 204.60000000000002
241.28 204.0
240.64 202.8
240.64 202.2
240.0 202.2
240.0 201.60000000000002
239.36 200.39999999999998
239.36 199.8
239.36 199.20000000000005
238.72 199.20000000000005
238.07999999999998 198.59999999999997
237.44 198.59999999999997
237.44 198.0
236.8 198.0
236.16 198.0
234.88 198.0
234.24 197.39999999999998
234.24 196.8
234.24 196.2
232.95999999999998 195.59999999999997
231.68 195.0
231.04 193.8
229.76 193.2
229.12 190.79999999999995
227.2 189.60000000000002
225.92 188.39999999999998
224.64 186.0
224.0 184.20000000000005
223.35999999999999 183.59999999999997
222.71999999999997 183.0
221.44 181.8
221.44 181.2
221.44 180.59999999999997
13
103.68 276.0
104.32000000000001 271.79999999999995
106.24000000000001 267.0
108.80000000000001 264.0
109.44000000000001 259.8
111.35999999999999 255.6
112.0 252.0
113.91999999999999 248.4
114.56 246.0
115.84 243.6
116.47999999999999 241.2
116.47999999999999 240.6
116.47999999999999 238.8
57
96.0 278.4
100.48 280.2
103.04 281.4
106.24000000000001 283.8
107.52000000000001 284.4
109.44000000000001 285.0
111.35999999999999 285.6
113.28 286.79999999999995
115.19999999999999 287.4
116.47999999999999 288.0
118.4 288.0
119.03999999999999 288.0
121.6 288.0
122.24000000000001 288.6
122.88 288.6
123.52000000000001 288.6
124.16 288.6
124.80000000000001 288.6
125.44 288.6
126.08000000000001 288.0
126.72 286.79999999999995
126.72 286.2
128.0 285.0
129.92000000000002 283.8
131.84 280.8
132.48 279.6
134.4 277.79999999999995
135.04 277.20000000000005
136.96 275.4
136.96 273.6
138.24 272.4
139.52 271.79999999999995
140.16 270.6
140.8 269.4
140.8 268.8
140.8 268.20000000000005
140.16 267.6
139.52 267.6
138.88 267.6
137.6 267.6
136.96 267.6
134.4 267.0
132.48 267.0
129.92000000000002 267.0
128.0 267.0
126.72 267.0
122.88 267.0
121.6 267.0
117.75999999999999 267.0
115.84 267.0
113.91999999999999 267.6
112.63999999999999 267.6
111.35999999999999 267.6
108.80000000000001 267.6
107.52000000000001 267.6
106.88000000000001 267.6
106.24000000000001 267.6
54
167.04000000000002 315.0
167.04000000000002 313.20000000000005
167.04000000000002 310.8
167.04000000000002 308.4
167.68 305.4
167.68 303.0
167.68 299.4
167.68 296.4
167.68 292.79999999999995
167.68 289.8
167.04000000000002 286.79999999999995
166.4 283.20000000000005
166.4 280.8
165.76 277.79999999999995
165.76 275.4
165.12 273.0
165.12 271.79999999999995
165.12 270.0
164.48000000000002 268.20000000000005
163.84 267.6
163.2 266.4
162.56 265.2
161.92000000000002 264.0
161.28 262.79999999999995
160.64 262.79999999999995
160.0 262.79999999999995
160.64 262.79999999999995
161.28 262.79999999999995
162.56 262.79999999999995
163.84 262.79999999999995
164.48000000000002 262.79999999999995
165.76 262.79999999999995
167.04000000000002 262.79999999999995
167.68 262.79999999999995
170.24 262.79999999999995
170.88 262.79999999999995
171.52 262.79999999999995
172.8 262.79999999999995
173.44 262.79999999999995
174.72000000000003 262.79999999999995
175.36 262.79999999999995
176.64000000000001 262.79999999999995
177.92000000000002 262.79999999999995
179.20000000000002 262.79999999999995
180.48 262.79999999999995
181.11999999999998 263.4
182.39999999999998 263.4
184.32 264.0
184.95999999999998 264.0
185.6 264.0
186.88 264.0
187.51999999999998 264.0
188.16 264.6
188.79999999999998 264.6
